(33,40)(41,30) 
(41,30)(44,39)
(45,37)(41,30)
(45,37)(41,30)
(47,32)(27,30)
(28,32)(46,36)
(29,36)(45,37)
(30,37)(44,39)
(34,11)(40,12)
(32,12)(42,13)
(23,13)(25,15)
(23,13)(35,14)
(30,14)(35,15)
(24,15)(25,18)
(25,17)(26,24)
(26,20)(27,26)
(27,23)(28,32)
(27,17)(28,20)
(28,16)(29,19)
(29,18)(31,15)
(31,16)(32,19)
(36,13)(38,20)
(33,20)(41,21)
(34,23)(35,11)
(28,23)(36,21)
(28,21)(32,20)
(29,19)(31,20)
(32,20)(35,19)
(32,20)(33,12)
(38,23)(46,21)
(38,23)(39,20)
(39,23)(40,11)
(40,23)(41,19)
(42,15)(40,12)
(39,13)(51,14)
(51,13)(50,15)
(50,13)(49,18)
(48,17)(49,24)
(47,20)(48,26)
(46,23)(47,32)
(41,20)(42,12)
(42,19)(43,16)
(39,13)(44,15)
(41,18)(46,16)
(45,15)(43,16)
(47,18)(45,19)
(47,19)(46,20)
(45,20)(43,19)
(46,20)(42,21)
(29,24)(30,23)
(35,24)(39,23)
(44,24)(45,23)
(30,27)(35,24)
(30,27)(44,25)
(44,27)(33,24)
(31,27)(36,28)
(32,28)(35,29)
(38,27)(43,28)
(39,28)(42,29)
(36,30)(38,28)
(28,25)(29,30)
(29,27)(30,30)
(30,28)(31,30)
(31,29)(32,30)
(42,29)(43,30)
(43,28)(44,30)
(44,27)(45,30)
(45,25)(46,30)
(33,18)(34,19)
(40,18)(41,19)



